0,0.5210374366983765,0.022658099425092948,0.5459885287817013,0.3640416047548291,0.680009733544227,0.7920372983252562,0.7031396438612932,0.7311133200795229,0.6684463427656168,0.6055181128896379,0.35525981796424555,1
1,0.6431444933503716,0.27257355427798435,0.6157832907193699,0.5020165569942687,0.270470860201971,0.18176798969388383,0.2036082474226804,0.3487574552683897,0.34436732514682333,0.14132266217354683,0.15527432280523623,1
2,0.6014955748024045,0.3902603990530943,0.5957432105590492,0.4497983443005731,0.5729407470495196,0.4310165020550886,0.4625117150890346,0.635685884691849,0.4815803523758676,0.21124684077506295,0.2285600319106502,1
3,0.21009039708457572,0.3608386878593167,0.2335014857300809,0.10299299511780938,0.973232753376323,0.8113612661799889,0.5656044985941893,0.5228628230616302,0.7634810464495462,1.0,0.13790477571889617,1
4,0.6298925647214728,0.1565776124450456,0.6309861101513371,0.4897049458713649,0.4597882954130674,0.3478927673148887,0.46391752577319584,0.518389662027833,0.3427656166577684,0.18681550126368984,0.23276643579794756,1
5,0.25883856311231007,0.20257017247209996,0.2679842443507705,0.14162598174485247,0.794378878209028,0.46199619655235885,0.3697282099343955,0.402037773359841,0.4911906033101977,0.5511794439764108,0.07948652862892991,1
6,0.5333427989966397,0.3473114643219478,0.5238753368806579,0.38059859902356186,0.39080180070568193,0.27489111097478686,0.26405810684161196,0.3677932405566601,0.33475707421249346,0.15711878685762426,0.12017260760778908,1
7,0.3184722419423542,0.37605681433885685,0.32071038628982107,0.18441944385480788,0.6860931986859717,0.44512606588552855,0.21944704779756324,0.2974652087475149,0.5493860117458623,0.5170598146588039,0.16977916379591687,1
8,0.2848691372047896,0.40953669259384506,0.30205238062331563,0.1597537677775419,0.7882954130672832,0.5331574750015337,0.4355670103092783,0.46486083499005965,0.631607047517352,0.5040016849199662,0.06926061573050006,1
9,0.259311846277628,0.4846127832262427,0.27765876580747706,0.141116535767353,0.6824431196009246,0.6754800318998835,0.532567947516401,0.42460238568588465,0.4607581420181529,0.683866891322662,0.066105812815027,1
10,0.42780065313076815,0.45755833615150476,0.40709004215327216,0.2777754192315856,0.23786348704221938,0.145113796699589,0.07729615745079661,0.16515904572564613,0.19273892151628402,0.1476411120471779,0.09580447474344561,1
11,0.4164418571631407,0.2766317213391951,0.4133093773754405,0.27064317554659306,0.42085411850590115,0.3368504999693271,0.233223992502343,0.32833001988071575,0.3603844100373733,0.22872788542544242,0.14160351017151976,1
12,0.5768848502058783,0.5103145079472438,0.6123281044848318,0.41583527913394186,0.4245041975909478,0.6944972701061284,0.48383317713214613,0.5556660039761431,0.6567004805125468,0.5905644481887109,0.3046741850092468,1
13,0.41975483932036534,0.4815691579303347,0.41400041462234816,0.27136489068138403,0.2615890010950237,0.24789890190785843,0.23284910965323333,0.2666003976143141,0.3630539241857983,0.07203032855939329,0.1044348551329006,1
14,0.3194188082729898,0.4362529590801487,0.34420565268467973,0.18458925918064104,0.6155250030417327,0.6438868781056377,0.4985941893158387,0.3988568588469185,0.4815803523758676,0.5657118786857624,0.03510171519744715,1
15,0.3577547446637323,0.602975989178221,0.36583511851288786,0.2187645935045638,0.6252585472685241,0.4297895834611374,0.38402061855670094,0.3660039761431411,0.6065136145221571,0.43828980623420377,0.09235957500815897,1
16,0.3643807089781817,0.35238417314846116,0.35208347729942646,0.2296752281893441,0.4399561990509795,0.1614011410342924,0.17326616682286783,0.26138170974155067,0.22370528563801384,0.19502948609941018,0.1296007542517315,1
17,0.433006767949264,0.3709841055123435,0.4444060534862829,0.2781999575461685,0.6629760311473416,0.5607631433654376,0.40346766635426423,0.510934393638171,0.5323011211959424,0.49705139005897214,0.16459368314174858,1
18,0.6071749727862179,0.4206966520121743,0.5957432105590492,0.4739970282317979,0.43557610414892345,0.255567143120054,0.34653233364573566,0.4720675944333996,0.221569674319274,0.08403538331929217,0.23312905682271454,1
19,0.31042642813195126,0.157253973621914,0.30177596572455256,0.17949479940564633,0.42924930040150877,0.18989632537881113,0.15613870665417054,0.23762425447316105,0.3833422317138281,0.16217354675652906,0.05606121042898066,2
20,0.2886554025273321,0.20290835306053434,0.2891299841061433,0.1598386754404585,0.5473901934541916,0.33010244770259495,0.10702905342080599,0.15457256461232605,0.427122263747998,0.3822662173546756,0.025347209631214423,2
21,0.11940934260968333,0.09232330064254302,0.11436666436320925,0.05535979622160899,0.4853388490083952,0.13968468192135453,0.06925960637300843,0.10318091451292247,0.3459690336358783,0.40206402695871946,0.05874460601225659,2
22,0.3956173978891571,0.15387216773757179,0.4057079676594568,0.2381235406495436,0.5449568073974937,0.5954235936445617,0.48664479850046855,0.4848906560636183,0.7229044313934864,0.4288121314237574,0.11730790151212966,1
23,0.6710682001041224,0.4507947243828203,0.6454978923363969,0.5351305455317342,0.38654337510646064,0.2540334948776149,0.257029053420806,0.4290258449304175,0.32140950347036845,0.059393428812131166,0.20901475867570798,1
24,0.45761749254579015,0.3946567467027392,0.4575357611775275,0.32311611122903844,0.6033580727582433,0.3874608919698178,0.3573102155576382,0.455765407554672,0.44207154297917783,0.28096040438079184,0.2507524386263915,1
25,0.48080836764636287,0.22624281366249566,0.498997995991984,0.32655487157715984,0.6824431196009246,0.6386724740813446,0.5222586691658856,0.6963220675944334,1.0,0.509056444818871,0.3374913877506618,1
26,0.35964787732500353,0.39972945552925254,0.37053417179185955,0.21282105710040328,0.5218396398588636,0.513526777498313,0.3338800374882848,0.4365308151093439,0.5792845702082222,0.4060657118786857,0.05047684664756863,1
27,0.5503809929480807,0.3564423402096719,0.5411512680533481,0.403523668011038,0.3880034067404794,0.2675295994110791,0.3491096532333645,0.38424453280318094,0.2829684997330486,0.14806234203875301,0.26746926786815095,1
28,0.3937242652278859,0.5262089956036522,0.40501693041254927,0.25001061345786457,0.5559070446526342,0.4610760076068953,0.3943298969072165,0.4349403578528827,0.40523224773091304,0.3251895534962088,0.11738042571708307,1
29,0.5011595437550287,0.1805884342238755,0.4920876235229079,0.3445552961154744,0.43752281299428164,0.295441997423471,0.23137300843486408,0.39527833001988066,0.3053924185798186,0.24283909014321803,0.17587119701200274,1
30,0.5513275592787164,0.5207981061887047,0.5598092737198536,0.40097643812354067,0.5340065701423531,0.5193546408195816,0.5433458294283036,0.6182902584493042,0.5424452749599574,0.25294860994102786,0.25941908111832324,1
31,0.22996829002792368,0.3040243490023672,0.23592011609425756,0.12613033326257694,0.5887577564180557,0.4055579412305994,0.2853795688847235,0.2575546719681909,0.6054458088627871,0.5903538331929234,0.13315444029444826,1
32,0.4751289696625491,0.4825836996956374,0.4768848040909405,0.32086605816174907,0.6958267429127631,0.39942334826084297,0.5663074039362699,0.5979125248508946,0.5771489588894821,0.29191238416175236,0.17608876962686296,1
33,0.5816176818590564,0.5667906662157591,0.5812314283739894,0.4323922734026746,0.38325830392991844,0.46782405987362746,0.38823805060918454,0.37738568588469185,0.3662573411639082,0.26642796967144045,0.15973456140987052,1
34,0.433006767949264,0.27629354075076085,0.43680464377029926,0.2817660793886648,0.5048059374619784,0.4187473161155758,0.317244611059044,0.3852882703777336,0.443673251468233,0.31992417860151634,0.07930521811654638,1
35,0.4618770410336504,0.4017585390598579,0.45822679842443503,0.30821481638717896,0.4086871882224117,0.35034660450279126,0.3158388003748828,0.29910536779324054,0.38921516284036317,0.139005897219882,0.12553939877434095,1
36,0.3440295328695158,0.4061548867095027,0.344412963858752,0.20781150498832518,0.43460274972624413,0.2773449481626894,0.3090440487347703,0.2782306163021869,0.3833422317138281,0.23778433024431322,0.061899408927729646,1
37,0.28628898670074304,0.29455529252620893,0.2682606592495336,0.16145192103587347,0.3324005353449324,0.05607017974357401,0.060028116213683216,0.14527833001988072,0.16017084890549926,0.18260320134793573,0.0248758022990173,2
38,0.3790524871030338,0.5238417314846127,0.35761177527468735,0.23574612608787943,0.3815549336902302,0.09793877676216184,0.05618556701030927,0.14408548707753477,0.21249332621462902,0.10699241786015157,0.39841171991152047,1
39,0.30758672914004453,0.3757186337504227,0.3082717158454842,0.17648057737210784,0.47560530478160357,0.32550150297527763,0.24906279287722585,0.2703280318091451,0.29524826481580346,0.2997051390058971,0.03542807411973746,1
40,0.3056935964787732,0.40142035847142366,0.2929306889641352,0.17809382296752282,0.2325100377174839,0.12554444512606588,0.07286785379568884,0.10094433399602384,0.3294180459156434,0.12447346251053082,0.04467491025129637,1
41,0.18784608831463862,0.3936422049374365,0.19425057010572877,0.09662492039906603,0.7323275337632316,0.3141525059812282,0.24461105904404873,0.2817594433399602,0.38868126001067804,0.3946925021061498,0.04398593030423904,1
42,0.5721520185527,0.5106526885356779,0.5839955773616199,0.4077690511568669,0.34432412702275217,0.6122937243113918,0.49367385192127455,0.4950795228628231,0.6102509343299521,0.283698399326032,0.3139572832432824,1
43,0.2981210658336883,0.3574568819749746,0.30080851357888194,0.1705370409679474,0.5060226304903273,0.38101956935157355,0.2307169634489222,0.3060636182902584,0.4308595835557928,0.3761583824768324,0.09250462341806578,1
44,0.29291495101519244,0.4091985120054108,0.2876788058876374,0.16472086605816175,0.4213407957172406,0.26170173608981045,0.1935098406747891,0.26103379721669984,0.3091297383876136,0.24873631002527374,0.028465750444210763,1
45,0.552274125609352,0.2668244842746026,0.5522078640038699,0.39588197834854594,0.5765908261345662,0.4577019814735293,0.4625117150890346,0.5014910536779325,0.39508809396689804,0.2217775905644479,0.1862421583203394,1
46,0.05750390458611382,0.24112275955360152,0.05473014995508263,0.024793037571640843,0.2858011923591677,0.12284522421937302,0.037207122774133086,0.02940854870775348,0.32140950347036845,0.3173967986520638,0.014867462015447655,2
47,0.29291495101519244,0.30267162664863034,0.29154861447032,0.16603693483336873,0.6483757148071543,0.3181399914115699,0.2872539831302718,0.3648111332007953,0.5130806193272824,0.37510530749789406,0.06229829205497335,1
48,0.23990723649959772,0.1663848495096381,0.23668025706585594,0.1298238165994481,0.4938557002068378,0.21943439052818844,0.15445173383317712,0.13663021868787276,0.27122263747997877,0.22051390058972187,0.05377669797294847,2
49,0.30806001230536234,0.42576936083868777,0.2979752608665607,0.17724474633835705,0.30429492639007183,0.17667627752898593,0.11131677600749765,0.1681908548707753,0.3427656166577684,0.15206402695871923,0.0429705914348914,2
50,0.22618202470538123,0.4020967196482922,0.2137378204685233,0.12073869666737422,0.2903029565640589,0.09287773756211276,0.038823805060918454,0.05541749502982107,0.1751201281366791,0.1878685762426282,0.10548645610472496,2
51,0.31515925978512943,0.2242137301318904,0.30004837260728356,0.18182976013585225,0.1744737802652392,0.12640328814183177,0.04350984067478912,0.0856361829025845,0.09930592632140955,0.2015585509688287,0.026072451680748454,2
52,0.23470112168110174,0.2884680419343928,0.22057908921290859,0.12485671831882827,0.24455529869813852,0.08628305011962456,0.04620431115276475,0.06704771371769384,0.3742658836091831,0.23462510530749792,0.0406135547739058,2
53,0.5319229495006863,0.3040243490023672,0.5287125976090111,0.37762683082148163,0.6362087845236648,0.39604932212747684,0.4151827553889409,0.5268389662027833,0.4938601174586227,0.27674810446503795,0.2605069441926243,1
54,0.38425860192152966,0.4163003043625295,0.3694976159214982,0.24168966249203988,0.3412823944518799,0.15775105821728727,0.123078725398313,0.16570576540755463,0.23972237052856382,0.14490311710193748,0.07078362403452151,1
55,0.21482322873775378,0.3057152519445383,0.20420150646119828,0.11271492252175758,0.39822362817861046,0.10842893074044535,0.0711340206185567,0.113220675944334,0.40202883075280316,0.19187026116259487,0.07600536679116655,2
56,0.5787779828671495,0.2996280013527223,0.5646465344482068,0.4281468902568457,0.5206229468305148,0.32918225875713153,0.3099812558575445,0.44701789264413516,0.4004271222637482,0.2032434709351305,0.22199659136236718,1
57,0.3658005584741351,0.4017585390598579,0.35768087899937806,0.2179579707068563,0.6228251612118263,0.35924176430893817,0.3029522024367385,0.403727634194831,0.45915643352909774,0.3711036225779276,0.11143344091090401,1
58,0.28723555303137877,0.3246533648968548,0.2682606592495336,0.16289535130545535,0.22009976882832472,0.056775657935096015,0.00162136832239925,0.020710735586481115,0.34810464495461835,0.10636057287278855,0.10468868985023749,2
59,0.07747645416252547,0.07034156239431849,0.07290442954875276,0.03438760348121419,0.4259642292249668,0.10226366480584015,0.0482895970009372,0.038762425447316104,0.2754938601174587,0.46145745577085084,0.014722413605540857,2
60,0.15093000141984947,0.17483936422049373,0.1434593324580195,0.07149225217575886,0.6191750821267794,0.1878105637690939,0.025398313027179004,0.06411530815109344,0.8414308595835559,0.41364785172704277,0.1452297204191899,2
61,0.07652988783188974,0.3811295231653703,0.07511574873885701,0.03324135003184039,0.7517946222168146,0.21547757806269555,0.07029053420805997,0.046018886679920476,0.3529097704217833,0.37089300758213994,0.0880806469159082,2
62,0.3440295328695158,0.4206966520121743,0.36369290304747426,0.21320314158352793,0.5157561747171189,0.5564689282866082,0.5002343017806935,0.4300695825049701,0.4175120128136679,0.48357203032855933,0.21332994887043552,1
63,0.10374366983766387,0.14034494420020283,0.10648883974846252,0.04984079813203141,0.17885387516729534,0.2089749095147537,0.1402999062792877,0.10834990059642147,0.6268019220501869,0.414279696714406,0.1067918917938862,2
64,0.2697240759146197,0.47784917145755823,0.2688134890470597,0.15092337083421778,0.6045747657865921,0.3276486105146924,0.2642924086223055,0.3416003976143141,0.3940202883075282,0.33572030328559377,0.11248504188272834,1
65,0.36911354063135976,0.48123097734190057,0.37046506806716895,0.22279770749310124,0.6654094172040395,0.39420894423654995,0.29686035613870665,0.4487574552683896,0.41964762413240797,0.3491996630160068,0.08789933640352468,1
66,0.11756353826494392,0.382144064930673,0.11277727869532173,0.05344937380598599,0.5096727095753744,0.17897674989264462,0.05089034676663542,0.07475149105367794,0.2936465563267485,0.4008003369839932,0.04344199876708851,2
67,0.20488428226607985,0.3155224890091308,0.1935595328588211,0.10638930163447252,0.22971164375228137,0.08474940187718547,0.08690253045923148,0.11083499005964215,0.18633208756006414,0.14132266217354683,0.05707654929832831,2
68,0.09692839225708738,0.2576936083868785,0.10365558703614125,0.04542559966036935,0.5364399561990509,0.37396478743635364,0.733364573570759,0.21744532803180913,0.5040042712226377,0.6423757371524852,0.0769119193530841,2
69,0.2744569075677978,0.22928643895840362,0.2596917973878793,0.1524092549352579,0.43557610414892345,0.10109809214158638,0.0855904404873477,0.14234592445328031,0.2258408969567539,0.13837405223251875,0.04405845450919245,2
70,0.5659993374035686,0.39228948258369956,0.5515168267569622,0.4188070473360221,0.33556393721863986,0.25618060241702967,0.2530459231490159,0.3951789264413519,0.221569674319274,0.09793597304128032,0.24422526018058524,1
71,0.09025509962610628,0.16672303009807232,0.10365558703614125,0.042666100615580564,0.42973597761284843,0.4101588859579168,0.2016401124648547,0.14274353876739562,0.39241857981847306,0.8390901432181972,0.14900097907676688,2
72,0.4836480666382697,0.5008454514710855,0.486559325547647,0.3336446614306941,0.5425234213407957,0.5018710508557757,0.3964386129334582,0.394831013916501,0.40576615056059817,0.31402695871946107,0.1723900351742394,1
73,0.32273179043021444,0.20561379776800803,0.32229977195770865,0.18705158140522182,0.46465506752646313,0.3331697441874732,0.18249765698219306,0.2519383697813121,0.26428190069407365,0.33066554338668896,0.059252275446930416,1
74,0.2522125987978608,0.23030098072370642,0.24462718540529338,0.13899384419443853,0.3553960335807278,0.15002147107539415,0.07900656044985942,0.1129224652087475,0.29524826481580346,0.19334456613310858,0.04902636254850057,2
75,0.4301670689573572,0.33615150490361845,0.4167645636099786,0.2862237316917852,0.3549093563693879,0.1989448500092019,0.22888940955951262,0.3299204771371769,0.3368926855312333,0.08319292333614148,0.2292127497552308,1
76,0.30995314496663356,0.04159621237740946,0.3048856333356368,0.17648057737210784,0.8101958875775641,0.26170173608981045,0.16112933458294282,0.32584493041749507,0.6599038974906569,0.3464616680707664,0.10690067810131632,2
77,0.5238771356902836,0.2177882989516401,0.5280215603621036,0.3661642963277436,0.5352232631707021,0.5987976197779278,0.39456419868791,0.5367793240556661,0.5258942872397224,0.353201347935973,0.31377597273089897,1
78,0.624686449902977,0.48224551910720315,0.6904153133853914,0.46762895351305456,0.8041124224358194,0.9999999999999999,0.8795688847235238,0.7972166998011928,0.9284570208222106,0.6625947767481046,0.29604380461979185,1
79,0.27824317289034023,0.2803517078119715,0.2722686752815977,0.1540225005306729,0.4481080423409174,0.2333599165695356,0.09111996251171509,0.1150596421471173,0.29418045915643365,0.21082561078348783,0.05446567792000581,2
80,0.21151024658052914,0.3807913425769359,0.20744938152166403,0.1095308851623859,0.5802409052196131,0.2277160910373597,0.10756794751640111,0.1109840954274354,0.3603844100373733,0.42312552653748936,0.07607789099611996,2
81,0.30096076482559514,0.20798106188704757,0.2950729044295487,0.1598386754404585,0.5510402725392385,0.411385804551868,0.2738987816307404,0.34726640159045724,0.4137746930058731,0.4014321819713562,0.061899408927729646,2
82,0.8632211652231532,0.5140344944200202,0.8825236680257067,0.7363617066440247,0.5327898771140043,0.7579903073431078,0.7823336457357074,0.9169980119284294,0.3534436732514683,0.3761583824768324,0.2835696413678065,1
83,0.5735718680486537,0.5607034156239431,0.5895238753368807,0.41965612396518787,0.7177272174230442,0.4899085945647507,0.4538425492033739,0.7301192842942346,0.2493326214628938,0.4692502106149956,0.14639010769844435,1
84,0.2375408206730087,0.20087926952992896,0.22914795107456298,0.12727658671195075,0.42243581944275466,0.16032758726458501,0.09725866916588566,0.09259443339960238,0.48691938067271756,0.20471777590564444,0.04054103056895239,2
85,0.5432817454683139,0.29793709841055116,0.534240895584272,0.39545744003396305,0.4408078841708236,0.2635421139807374,0.3127928772258669,0.4371272365805169,0.5152162306460225,0.2160909856781803,0.2119157268738441,1
86,0.35491504567182547,0.397362191410213,0.3486973947895792,0.21426448736998516,0.38849008395181905,0.2456597754738973,0.282099343955014,0.24542743538767395,0.4847837693539777,0.13479359730412788,0.11063567465641658,1
87,0.569785602726111,0.503212715590125,0.5404602308064405,0.39588197834854594,0.3379973232753377,0.3104717501993743,0.34395501405810686,0.41108349900596425,0.41964762413240797,0.13331929233361395,0.15745004895383832,1
88,0.2545790146244498,0.40886033141697664,0.24870430516204822,0.13695606028444068,0.3067283124467699,0.2302619471198086,0.14093252108716026,0.1861332007952286,0.4073678590496531,0.2965459140690816,0.06617833701998042,2
89,0.3624875763169105,0.1870138654041258,0.3592011609425748,0.21583527913394185,0.6167416960700816,0.35126679344825473,0.23350515463917523,0.35109343936381704,0.5066737853710627,0.28433024431339504,0.14367045001269171,2
90,0.36154100998627475,0.48393642204937426,0.3509087139796835,0.22042029293143706,0.33130551161941857,0.20452732961168027,0.07268041237113401,0.14696819085487076,0.2765616657768287,0.18323504633529897,0.0931210791601697,2
91,0.39703724738511054,0.44132566790666217,0.38981411098058194,0.24822755253661644,0.35880277406010475,0.25832770995644444,0.2628865979381443,0.3719184890656063,0.2936465563267485,0.23188711036225773,0.07165391449396236,1
92,0.2976477826683705,0.17078119715928297,0.2829797526086656,0.17329654001273617,0.13432291032972388,0.09560763143365436,0.07640581068416119,0.131610337972167,0.11692471970101448,0.0678180286436394,0.10530514559234144,2
93,0.306166879644091,0.2904971254649983,0.2958330454011471,0.174739970282318,0.48290546295169734,0.19100055211336728,0.0931115276476101,0.13817097415506957,0.25146823278163377,0.15037910699241763,0.06516299815063277,2
94,0.38236546926025844,0.3422387554954345,0.3905051482274895,0.23863298662704308,0.5035892444336296,0.4169069382246488,0.3983130271790066,0.43812127236580517,0.3673251468232782,0.2712721145745576,0.13108750045327627,1
95,0.6284727152255196,0.45045654379438615,0.6123281044848318,0.47569518149012946,0.3439591191142475,0.34329182258757135,0.3432521087160262,0.4315606361829025,0.4954618259476776,0.13753159224936806,0.23291148420785437,1
96,0.2460599176487292,0.2749408183970239,0.23495266394858694,0.1305879855656973,0.5108894026037232,0.15701490706091653,0.058341143392689775,0.14617296222664017,0.391350774159103,0.3451979780960406,0.09094535301156759,2
97,0.1328032561881774,0.34595874196821097,0.1265980236334739,0.06410528550201655,0.4853388490083952,0.10315318078645483,0.01600046860356139,0.039448310139165006,0.09770421783235461,0.3989048020219039,0.07966783914131342,2
98,0.21860949406029623,0.10585052417991203,0.2111118789302744,0.11424326045425601,0.3324005353449324,0.17136985461014662,0.09831302717900656,0.1665009940357853,0.2418579818473039,0.3340353833192924,0.042136563077927264,2
99,0.35207534667991863,0.3402096719648291,0.35028678045746675,0.2118446189768627,0.4259642292249668,0.2905343230476658,0.219962511715089,0.29020874751491055,0.3801388147357182,0.29359730412805374,0.06316858251441418,1
100,0.313739410289176,0.5164017585390598,0.3058530854813074,0.1864572277648058,0.3938435332765542,0.20161339795104596,0.2020852858481724,0.22311133200795227,0.2359850507207688,0.18428812131423755,0.12372629365050586,1
101,0.0,0.12580317889753123,0.0,0.0,0.6629760311473416,0.17268879209864424,0.0,0.0,0.4073678590496531,0.5943555181128897,0.03945316749465133,2
102,0.2460599176487292,0.3655732160973959,0.23101375164121352,0.13381447675652727,0.21438131159508456,0.0644132261824428,0.05583411433926897,0.08797216699801193,0.3053924185798186,0.14342881213142378,0.027958081009536936,2
103,0.13701547635950584,0.32769699019276277,0.1393131089765739,0.06571853109743153,0.4622216814697653,0.23799153426170175,0.14418931583880035,0.15054671968190853,0.41537640149492805,0.27927548441449024,0.023570366609856036,2
104,0.16607506271001943,0.3239770037199864,0.1632229977195771,0.08176607938866484,0.45479985399683653,0.20366848659591433,0.07017338331771321,0.05969184890656064,0.5605979711692474,0.3127632687447346,0.08692025963665373,2
105,0.2900752520232855,0.1978356442340209,0.30004837260728356,0.16416896624920402,0.9403820416109017,0.4819336237040673,0.48523898781630737,0.47718687872763416,0.40469834490122814,0.5678180286436394,0.0999020923233129,1
106,0.22050262672156756,0.29151166723030086,0.21684748807960752,0.11420080662279772,0.628908626353571,0.2524998466351758,0.165651358950328,0.17321073558648112,0.33849439402028847,0.3209772535804547,0.06915182942306995,2
107,0.2545790146244498,0.2986134595874196,0.2433833183608597,0.1372107832731904,0.27083586811047566,0.1495920495675112,0.06192596063730084,0.09547713717693836,0.2322477309129739,0.22535804549283922,0.0016680567139282787,2
108,0.7236026314543993,0.336827866080487,0.7532997028539838,0.5797070685629379,0.8527801435697773,0.7895834611373536,0.9990627928772258,0.9060636182902584,0.7415910304324614,0.4302864363942711,0.3987743409362875,1
109,0.20630413176203327,0.39059857964152855,0.1982585861377929,0.10740819358947146,0.3051466115099162,0.14223053800380345,0.1202671040299906,0.09438369781312127,0.17084890549919918,0.3228727885425442,0.04318816404975161,2
110,0.1323299730228596,0.24619546838011486,0.12929306889641357,0.06227977074931012,0.5011558583769316,0.19833139071222625,0.1015463917525773,0.08836978131212724,0.22263747997864403,0.4357624262847515,0.10432606882547049,2
111,0.2673576600880307,0.3736895502198173,0.26508188791375864,0.143026958182976,0.44798637303808264,0.31139193914483776,0.2495313964386129,0.2992544731610338,0.3032568072610785,0.43681550126368984,0.08235123472458933,2
112,0.3445028160348336,0.33615150490361845,0.3734365282288715,0.20649543621311822,0.19296751429614323,0.6254830991963684,0.7036082474226804,0.38757455268389657,0.2867058195408436,0.5840353833192922,0.08974870362983645,2
113,0.16702162904065498,0.35441325667906665,0.17172275585654068,0.08095945659095732,0.6045747657865921,0.3402245261026931,0.15173383317713213,0.15248508946322067,0.4030966364121732,0.5867733782645324,0.0791601697066396,2
114,0.08258791234795781,0.206966520121745,0.08326998825236687,0.03710464869454468,0.6386421705803627,0.19210477884792346,0.09681349578256793,0.09562624254473161,0.25734116390816875,0.555391743892165,0.01856619646807122,2
115,0.23422783851578394,0.39972945552925254,0.226245594637551,0.12528125663341116,0.42791093807032476,0.1813078952211521,0.07797563261480787,0.09980119284294235,0.27816337426588367,0.2523167649536646,0.07125503136671865,2
116,0.09318945525107669,0.20459925600270534,0.10331006841268747,0.04317554659308002,0.3906801314028472,0.32182074719342374,0.21703373945641982,0.1147117296222664,0.0736785904965297,0.45640269587194604,0.07176270080139245,2
117,0.37337308911922,0.23537368955021976,0.37903392992882323,0.22882615156017833,0.65324248692055,0.44635298447947985,0.39597000937207116,0.44348906560636175,0.5285638013881474,0.37320977253580434,0.11288392500997207,1
118,0.4164418571631407,0.4463983767331754,0.4278211595605004,0.27132243684992574,0.6447256357221074,0.4779461382737256,0.4997656982193064,0.47112326043737573,0.49599572877736275,0.49178601516427967,0.1583566015157559,1
119,0.5191443040371053,0.3483260060872506,0.486559325547647,0.3559753767777542,0.2617106703978589,0.14673946383657444,0.1708762886597938,0.27813121272365804,0.5136145221569676,0.006107834877843166,0.15784893208108206,1
120,0.2096171139192579,0.03753804531619881,0.20420150646119828,0.1102950541286351,0.3798515634505415,0.14560456413716952,0.08228678537956888,0.13036779324055667,0.2669514148424986,0.23525695029486093,0.009246836131558911,2
121,0.55274740877467,0.2505918160297599,0.5363140073249949,0.3963065166631288,0.5218396398588636,0.2779584074596651,0.34137769447047794,0.4306660039761432,0.42658836091831287,0.25631844987363084,0.21666606229829202,1
122,0.8173126981873255,0.3547514372675008,0.8458986939396034,0.6866907238378264,1.0,0.819949696337648,0.9999999999999999,0.9999999999999999,0.7944474105712763,0.39616680707666374,0.5053849222177902,1
123,0.3558616120024611,0.0399053094352384,0.34890470596365153,0.21108045001061349,0.5790242121912643,0.2776516778111773,0.2071696344892221,0.2871769383697813,0.3678590496529631,0.2961246840775065,0.06440149399862204,2
124,0.30238061432154856,0.2259046330740615,0.2923778591666091,0.17406070897898535,0.10512227764934912,0.16523526164039015,0.1895970009372071,0.13916500994035783,0.13614522156967435,0.17417860151642772,0.017623381803676973,2
125,0.32509820625680347,0.25363544132566784,0.30854813074424714,0.18900445765230314,0.3083100133836234,0.12876510643518804,0.03327085285848172,0.05670974155069582,0.23865456486919379,0.18828980623420377,0.03742248975595605,2
126,0.313739410289176,0.5065945214744674,0.30384907746527545,0.1821693907875186,0.3658595936245286,0.18170664376418627,0.12382849109653232,0.1533300198807157,0.31713828083288853,0.2388374052232518,0.04195525256554375,1
127,0.5688390363954754,0.3111261413594859,0.550134752263147,0.4222033538526852,0.23920184937340327,0.1867983559290841,0.21722118088097467,0.2796719681908549,0.41591030432461296,0.010109519797809385,0.20825325452369728,1
128,0.38425860192152966,0.2259046330740615,0.38552968004975474,0.22542984504351515,0.6386421705803627,0.4948162689405558,0.2666354264292408,0.424155069582505,0.44527495995728794,0.30981465880370695,0.11444319541647024,2
129,0.6062284064555823,0.521136286777139,0.5985073595466797,0.4451284228401613,0.47438861175325475,0.4279492055702105,0.5962980318650422,0.5710735586481114,0.5525894287239724,0.23525695029486093,0.13779598941146606,1
130,0.246533200814047,0.12106865065945205,0.243867044433695,0.1325833156442369,0.5364399561990509,0.23222501687013067,0.06689315838800373,0.14324055666003976,0.3806727175654031,0.31065711878685764,0.03089531131014976,2
131,0.4012967958729709,0.3304024349002367,0.40017966968419605,0.25701549564848225,0.5680739749361237,0.3156861542236673,0.34348641049671974,0.4019383697813122,0.407901761879338,0.16849199663016012,0.13018094789135873,1
132,0.43442661744521754,0.4000676361176867,0.4312763457950384,0.28286987900658034,0.46587176055481216,0.33439666278142444,0.24437675726335517,0.27897614314115304,0.5301655098772026,0.18850042122999167,0.11527722377343436,1
133,0.41312887500591605,0.14271220831924242,0.4022527814249188,0.2624495860751433,0.3906801314028472,0.23078338752223795,0.16717432052483597,0.29488071570576535,0.3465029364655634,0.15311710193765782,0.07121876926424194,2
134,0.5428084623029958,0.412580317889753,0.5280215603621036,0.39545744003396305,0.38678671371213036,0.2383596098398871,0.27014995313964385,0.34030815109343937,0.28029898558462363,0.15395956192080873,0.17427566450302787,1
135,0.27398362440248,0.43151843084206953,0.26211042775205584,0.1540225005306729,0.34116072514904494,0.11726274461689468,0.11037956888472351,0.13439363817097413,0.22317138280832893,0.22514743049705133,0.04402219240671573,1
136,0.2238156088787922,0.23537368955021976,0.2137378204685233,0.11891318191466782,0.5181895607738167,0.12750751487638795,0.08416119962511714,0.12922465208747516,0.09183128670581953,0.1998736310025273,0.12097037386227655,2
137,0.21056368024989353,0.19208657423063913,0.20226660216985703,0.10880917002759499,0.4122155980046236,0.15186184896632107,0.08207591377694469,0.14289264413518887,0.3027229044313935,0.1830244313395113,0.021974834100881177,2
138,0.37715935444176246,0.2658099425092999,0.36666436320917695,0.2269581829760136,0.6593259520622947,0.3408379853996688,0.3605904404873477,0.4286282306163022,0.42178323545114804,0.2569502948609941,0.42814664394241575,1
139,0.20346443277012632,0.12445045654379433,0.20185197982171244,0.10244109530885162,0.655675872977248,0.28900067480522673,0.10859887535145267,0.23836978131212724,0.3224773091297385,0.22662173546756526,0.08090075062552125,2
140,0.13048416867812007,0.07642881298613458,0.12058599958537769,0.06155805561451922,0.3648862392018495,0.06637629593276487,0.0,0.0,0.3929524826481582,0.30033698399326014,0.03027885556804584,2
141,0.4320602016186284,0.2820426107541427,0.4236749360790547,0.2842284016132456,0.42219248083708494,0.2893074044537145,0.22134489222118087,0.2953777335984095,0.3705285638013881,0.26368997472620026,0.2138013562026326,1
142,0.21056368024989353,0.25701724721001007,0.2064128256513026,0.10804500106134579,0.5680739749361237,0.23151953867860867,0.047586691658856595,0.09249502982107355,0.2552055525894288,0.3298230834035383,0.061282953185625696,2
143,0.28013630555161156,0.21001014541765295,0.2760693801395895,0.15652727658671198,0.29516972867745483,0.23222501687013067,0.11466729147141516,0.15347912524850896,0.3262146289375335,0.2609519797809603,0.035899481451934584,2
144,0.1783804250082825,0.1778829895164017,0.16909681431829182,0.08991721502865635,0.18761406497140776,0.09818416048095208,0.05274133083411433,0.039140159045725646,0.12386545648691938,0.14574557708508817,0.0497516045980346,2
145,0.23280798901983063,0.16706121068650653,0.23716398313869125,0.1228189344088304,0.6410755566370605,0.33807741856327833,0.08692596063730083,0.1492544731610338,0.44207154297917783,0.5987784330244312,0.10186024585705478,2
146,0.22807515736665246,0.23233006425431169,0.24324511091147816,0.12247930375716409,0.5668572819077748,0.46199619655235885,0.38870665417057165,0.3685387673956262,0.806727175654031,0.5002106149957877,0.07411973746237806,1
147,0.37715935444176246,0.3063916131214067,0.37350563195356234,0.23179791976225855,0.2295899744494464,0.2985092939083492,0.21204311152764757,0.17703777335984094,0.30806193272824356,0.3152906486941869,0.11121586829604382,2
148,0.35302191301055424,0.1849847818735204,0.34676249049823793,0.21082572702186375,0.45248813724297365,0.25372676522912707,0.19885192127460166,0.2749502982107356,0.29738387613454353,0.22851727042965453,0.045436414403307104,2
149,0.3198920914383076,0.27730808251606354,0.30633681155414283,0.18743366588834642,0.20598612969947683,0.13612661799889578,0.06750234301780693,0.06605367793240556,0.16337426588360915,0.12299915754001689,0.048845052036117054,2
150,0.2848691372047896,0.37436591139668585,0.2744799944717021,0.15958395245170875,0.6203917751551284,0.17333292436046868,0.07347703842549203,0.13146123260437376,0.7330485851575014,0.22978096040438079,0.11056315045146317,2
151,0.05859245586634482,0.37166046668921193,0.06551033100684134,0.025642114200806622,0.3837449811412581,0.3408379853996688,0.30951265229615743,0.10775347912524852,0.5632674853176723,0.6876579612468408,0.028356964136780655,2
152,0.13015287046239765,0.19039567128846802,0.13813834565683092,0.06652515389513902,0.5437401143691447,0.4310165020550886,0.9625117150890345,0.390506958250497,0.7373198077949815,0.9056444818871103,0.25717083076476777,2
153,0.19731175162099485,0.11396685830233338,0.18713288646258042,0.10120993419656124,0.4262075678306365,0.09738666339488375,0.04643861293345828,0.08876739562624254,0.3539775760811533,0.23357203032855933,0.03981578851941836,2
154,0.2919683846845568,0.19039567128846802,0.286918664916039,0.16786244958607513,0.3811899257817253,0.2012146494080118,0.21773664479850044,0.17311133200795228,0.3497063534436733,0.2550547598989048,0.05646009355622439,2
155,0.24937289980595395,0.2783226242813662,0.2382696427337434,0.1344937380598599,0.2923713347122521,0.1454205263480768,0.09102624179943768,0.11585487077534791,0.42872397223705294,0.25947767481044637,0.03796642129310658,2
156,0.5063656585735246,0.3730131890429488,0.5086725174486906,0.3482063256208873,0.5960579145881495,0.45126065885528505,0.4346298031865042,0.5238568588469185,0.42925787506673785,0.2464195450716089,0.2523842332378431,1
157,0.4666098726868286,0.32972607372336826,0.4464791652270058,0.3127573763532159,0.14527314758486443,0.16210661922581432,0.12066541705716961,0.13772365805168987,0.36145221569674335,0.05728727885425422,0.131849004605287,2
158,0.24038051966491553,0.1024687182955698,0.2283878101029646,0.1295266397792401,0.372308066674778,0.10131280289552788,0.04620431115276475,0.09756461232604374,0.2258408969567539,0.19187026116259487,0.024259346556913378,2
159,0.18547967248804959,0.10990869124112274,0.1720682744799945,0.09479940564635958,0.1537899987833069,0.05459787743083246,0.0072399250234301766,0.03274353876739562,0.14682327816337426,0.1573294018534117,0.060376400623708165,2
160,0.22570874154006343,0.35407507609063227,0.2232741344758482,0.11729993631925281,0.5644238958510768,0.2905343230476658,0.16033270852858478,0.18578528827037774,0.4410037373198078,0.30686604886267865,0.14015302607245167,2
161,0.5778314165365139,0.21068650659452137,0.5701748324234677,0.43026958182976016,0.297238106825648,0.30403042758113,0.27952202436738516,0.4804671968190855,0.3064602242391885,0.03791069924178592,0.320810820611379,1
162,0.5967627431492262,0.28542441663848483,0.6005804712874023,0.454468265760985,0.602141379729894,0.4515673885037728,0.5876288659793815,0.6391650099403579,0.45915643352909774,0.22872788542544242,0.22522391848279363,1
163,0.2536324482938142,0.42306391613121397,0.24918803123488353,0.13627679898110803,0.47073853266820787,0.2518863873382002,0.12582005623242734,0.14025844930417494,0.205018686599039,0.37173546756529063,0.06512673604815607,2
164,0.7709309479861801,0.41697666553939794,0.7484624421256305,0.6548503502441095,0.2662124346027497,0.29176124164161715,0.310215557638238,0.48220675944334,0.33849439402028847,0.11731255265374885,0.19904268049461507,1
165,0.3781059207723982,0.33987149137639494,0.3573353603759243,0.23209509658246658,0.26402238715172177,0.10471750199374272,0.04561855670103092,0.09637176938369782,0.18579818473037912,0.0568660488626791,0.024912064401494002,2
166,0.18074684083487152,0.0,0.1726211042775206,0.090893653152197,0.40674047937705327,0.11649592049567511,0.059301780693533264,0.08439363817097416,0.1142552055525895,0.2957034540859309,0.020850708924103428,2
167,0.46377017369492174,0.3074061548867094,0.45269850044917426,0.3153470600721715,0.31804355761041503,0.22219495736457887,0.1973289597000937,0.3268389662027833,0.387613454351308,0.11331086773378263,0.17539978967980563,1
168,0.49642671210185046,0.506256340886033,0.4996890332388916,0.3570791763956697,0.5157561747171189,0.43224342064904,0.5058575445173383,0.518389662027833,0.19807794981313398,0.28833192923336126,0.35272147079087646,1
169,0.3781059207723982,0.244842746026378,0.36231082855365904,0.23026958182976015,0.43849616741696074,0.18241212195570825,0.06096532333645734,0.18792246520874753,0.32728243459690354,0.13774220724515573,0.056568879863654484,2
170,0.2526858819631786,0.09063239770037196,0.24227765876580742,0.1361069836552749,0.4902056211217911,0.15468376173240905,0.0934161199625117,0.18389662027833004,0.42285104111051786,0.20197978096040425,0.04376835768937884,2
171,0.3052203133134554,0.33547514372675,0.29058116232464937,0.17911271492252176,0.3403090400292006,0.13342739709220292,0.13725398313027176,0.1708747514910537,0.23011211959423394,0.14216512215669752,0.12851289117743048,1
172,0.4012967958729709,0.07372336827866077,0.4057079676594568,0.2519210358734876,0.7688283246137002,0.41752039752162445,0.47610121836925956,0.5452286282306164,0.42658836091831287,0.43660488626790217,0.11081698516880009,1
173,0.1939987694637702,0.1690902942171119,0.1825720406329901,0.09730418170239863,0.4634383744981141,0.11671063124961656,0.05536551077788191,0.12837972166998013,0.21302722904431393,0.3523588879528221,0.03336113427856548,2
174,0.17412087652042213,0.18397024010821772,0.16377582751710318,0.08749734663553385,0.30916169850346753,0.0725108889025213,0.0,0.0,0.4063000533902831,0.20619208087615815,0.07818109293976866,2
175,0.07998485493870977,0.16029759891782203,0.07345725934627884,0.03553385693058799,0.35125927728434103,0.07171339181645298,0.0,0.0,0.2963160704751735,0.36394271272114564,0.03811146970301339,2
176,0.13834066922239574,0.2823807913425769,0.14380485108147328,0.06745913818722138,0.41951575617471715,0.3374639592663027,0.30623242736644796,0.18469184890656065,0.26801922050186866,0.6571187868576243,0.11451571962142365,2
177,0.44862511240475184,0.35170781197159273,0.45269850044917426,0.29267671407344514,0.43557610414892345,0.4178271271701123,0.4201030927835051,0.4406560636182903,0.33475707421249346,0.2794860994102779,0.06831780106610583,1
178,0.28534242037010743,0.42306391613121397,0.264114435768088,0.16255572065378898,0.0,0.0,0.003737113402061855,0.009204771371769383,0.12172984516817953,0.05012636899747247,0.020959495231533523,2
179,0.2758767570637513,0.11329049712546496,0.25913896759035315,0.15508384631713013,0.3027132254532181,0.056315563462364264,0.021539362699156513,0.06610337972166998,0.15963694607581425,0.23946925021061483,0.06295100989955398,2
180,0.957877798286715,0.4112275955360162,0.9557736161979131,0.8942899596688602,0.5705073609928215,0.5276363413287528,0.672680412371134,0.9333996023856859,0.33796049119060334,0.16301600673967975,0.2613772346520651,1
181,0.6677552179468977,0.5701724721001014,0.6835049409163153,0.4956484822755254,0.627691933325222,0.8092141586405742,0.5827085285848171,0.7435387673956263,0.6556326748531768,0.5058972198820553,0.18656851724262974,1
182,0.41265559184059825,0.3584714237402772,0.39672448344965794,0.26452982381659945,0.40710548728555795,0.21044721182749523,0.15447516401124645,0.25790258449304176,0.24079017618793386,0.11647009267059794,0.09232331290568227,1
183,0.2096171139192579,0.17619208657423058,0.2055144772303228,0.10974315431967735,0.3416474023603846,0.19069382246487945,0.1448219306466729,0.1173459244532803,0.0,0.25716090985678175,0.07945026652645319,2
184,0.39277769889725017,0.42948934731146426,0.3809688342201645,0.24075567819995758,0.34140406375471466,0.2632353843322496,0.12593720712277412,0.1621769383697813,0.2989855846235985,0.2782224094355519,0.032672154331508135,1
185,0.14667045293198921,0.18261751775448076,0.13800013820744939,0.07386966673742304,0.36695461735004264,0.08456536408809276,0.003741799437675726,0.01194831013916501,0.2861719167111587,0.22156697556866023,0.11212242085796134,2
186,0.5361824979885466,0.29996618194115643,0.5169649644115818,0.38102313733814475,0.28434116072514914,0.2002944604625483,0.1914011246485473,0.2889662027833002,0.2423918846769888,0.09035383319292323,0.05163723392682307,1
187,0.2238156088787922,0.2529590801487994,0.21346140556976034,0.11751220547654426,0.42864095388733414,0.12891847125943193,0.0892455482661668,0.16098409542743536,0.18633208756006414,0.23146588037068216,0.04706820901475868,2
188,0.22854844053197026,0.25972269191748387,0.21753852532651508,0.12116323498195711,0.46465506752646313,0.111158824611987,0.05513120899718838,0.07718687872763419,0.29418045915643365,0.1651221566975567,0.02560104434855133,2
189,0.251739315632543,0.20933378424078453,0.242139451316426,0.13593716832944172,0.22253315488502257,0.16302680817127782,0.09006560449859417,0.08220675944333995,0.2669514148424986,0.10067396798652051,0.04456612394386626,2
190,0.3426096833735624,0.4535001690902942,0.3495266394858684,0.19800466992146043,0.5473901934541916,0.6806944359241763,0.46415182755388934,0.3289264413518886,0.6497597437266419,0.5362257792754843,0.061899408927729646,1
191,0.27398362440248,0.3956712884680419,0.2641835394927786,0.15448949267671405,0.30392991848156714,0.14302803508987177,0.07291471415182754,0.14234592445328031,0.28136679124399366,0.2719039595619208,0.22330202705152843,2
192,0.1296322589805481,0.28779168075752437,0.11706170962614887,0.061388240288686065,0.08504684268159157,0.012453223728605599,0.0,0.0,0.2594767752269088,0.30560235888795284,0.08652137650941,2
193,0.2536324482938142,0.5799797091646939,0.25817151544468253,0.14175334323922734,0.4975057792918849,0.3555610085270843,0.2542174320524836,0.2267395626242545,0.414308595835558,0.40880370682392586,0.10516009718243463,1
194,0.3728998059539022,0.4565437943862022,0.39119618547439716,0.2241137762683082,0.5096727095753744,0.5478804981289491,0.3976101218369259,0.4412524850894632,0.30432461292044855,0.35299073294018535,0.05957863436922073,1
195,0.28060958871692937,0.22387554954345612,0.26770782945200755,0.15831033750796009,0.20562112179097225,0.10514692350162566,0.09074507966260542,0.11814115308151094,0.3534436732514683,0.14132266217354683,0.02861079885411756,2
196,0.3213119409342609,0.4254311802502535,0.32368184645152376,0.1890893653152197,0.69947682199781,0.32918225875713153,0.32450796626054357,0.3243538767395626,0.3561131873998933,0.39616680707666374,0.18268847227762264,1
197,0.5252969851862368,0.4102130537707135,0.5086725174486906,0.3738059859902356,0.13626961917508218,0.20563155634623645,0.25843486410496713,0.2871769383697813,0.32194340630005336,0.07245155855096885,0.18888929180113861,1
198,0.5773581333711959,0.43219479201893796,0.578467279386359,0.4264487369985141,0.27643265604088096,0.378565732163671,0.26101218369259604,0.33658051689860835,0.3203416978109984,0.11225779275484404,0.1161837763353519,1
199,0.35349519617587205,0.3554277984443692,0.35035588418215746,0.21192952663977926,0.4405645455651539,0.3104717501993743,0.27647610121836924,0.2972166998011928,0.418045915643353,0.3096040438079193,0.034050114225622805,1
200,0.24842633347531834,0.3331078796077104,0.24013544330039394,0.13479091488006792,0.40576712495437417,0.1886080608551623,0.09810215557638237,0.2041252485089463,0.43352909770421777,0.2141954507160908,0.08634006599702651,2
201,0.4997396942590752,0.3249915454852891,0.49277866076981547,0.3430694120144343,0.33057549580240897,0.30801791301147174,0.24273664479850043,0.37216699801192843,0.18099305926321418,0.10425442291491138,0.1021866047793451,1
202,0.7718775143168157,0.5735542779844437,0.795452974915348,0.6544258119295266,0.627691933325222,0.5797803815716828,0.8254451733833176,0.8051689860834991,0.5515216230646024,0.25968828980623404,0.1590455814628132,1
203,0.32320507359553224,0.47480554616165027,0.33010849284776456,0.1928677563150074,0.8491300644847306,0.4828538126495308,0.36504217432052477,0.4560636182902585,0.5787506673785371,0.5107413647851726,0.16299815063277368,1
204,0.2597851294429458,0.30064254311802496,0.25775689309653793,0.14366376565485034,0.45187979072879925,0.2650757622231765,0.18755857544517335,0.18991053677932407,0.40469834490122814,0.29001684919966286,0.1018239837545781,2
205,0.3852051682521653,0.2357118701386539,0.38000138207449385,0.24330290808745492,0.3193819199415988,0.23464818109318444,0.17689784442361758,0.20273359840954275,0.22797650827549387,0.208508845829823,0.05649635565870109,1
206,0.13701547635950584,0.2556645248562731,0.13219542533342554,0.06448736998514115,0.5644238958510768,0.16238267590945343,0.04114339268978444,0.09701789264413518,0.40950347036839296,0.27148272957034547,0.03568190883707438,2
207,0.4746556864972314,0.3567805207981062,0.4554626494368047,0.3229887497346635,0.3067283124467699,0.1645911293785657,0.16283973758200562,0.2678926441351889,0.45862253069941283,0.04780960404380785,0.170613192152881,1
208,0.2900752520232855,0.43388569496110907,0.29873540183815905,0.16382933559753768,0.4585716023847184,0.3954358628305012,0.2039597000937207,0.25357852882703774,0.36465563267485324,0.4873631002527379,0.028211915726873843,2
209,0.39230441573193237,0.10821778829895157,0.3757860548683575,0.24708129908724263,0.23494342377418187,0.13164836513097355,0.1380506091846298,0.15690854870775348,0.10250934329951955,0.11162594776748103,0.03557312252964427,2
210,0.6436177765156892,0.42035847142374017,0.6282219611637067,0.4867331776692847,0.34541915074826623,0.35402736028464515,0.3842549203373945,0.47519880715705765,0.3192738921516284,0.005897219882055493,0.27008013924647345,1
211,0.22996829002792368,0.3121406831247886,0.21919701471909347,0.1207811504988325,0.3187735734274242,0.15219925157965772,0.06253514526710402,0.06923459244532804,0.195408435664709,0.22346251053074973,0.03876418754759402,2
212,1.0,0.29624619546838005,1.0,1.0,0.628908626353571,0.4055579412305994,0.7499999999999999,0.7927435387673957,0.25680726107848384,0.11141533277169335,1.0,1
213,0.49406029627526155,0.5360162326682447,0.4886324372883699,0.3415410740819359,0.4634383744981141,0.2920679712901049,0.39409559512652287,0.32788270377733597,0.07528029898558464,0.18323504633529897,0.1502338905609747,1
214,0.341189833877609,0.47683462969225554,0.33916108078225427,0.19834430057312674,0.39080180070568193,0.3411447150481566,0.26124648547328955,0.3211729622266402,0.5702082221035772,0.302653748946925,0.11074446096384669,1
215,0.3255714894221213,0.2441663848495096,0.3259622693663188,0.18484398216939077,0.48777223506509304,0.40586467087908723,0.23198219306466727,0.27842942345924454,0.5013347570742127,0.4043807919123841,0.05112956449214924,1
216,0.23233470585451282,0.2921880284071694,0.23170478888812107,0.12256421142008064,0.37863487042219246,0.2945218084780075,0.15548266166822866,0.15616302186878725,0.427122263747998,0.27759056444818864,0.0656344054828299,2
217,0.1523498509158029,0.26276631721339194,0.14691451869255756,0.07544045850137973,0.21936975301131534,0.1217409974848169,0.1352858481724461,0.053230616302186874,0.42552055525894283,0.2778011794439763,0.08753671537875765,2
218,0.6067016896209003,0.4007439972945551,0.5936700988183262,0.4612608787943112,0.3810682564788903,0.3411447150481566,0.2980318650421743,0.4319582504970179,0.4949279231179927,0.12320977253580456,0.3046016608042934,1
219,0.5939230441573193,0.7696990192762934,0.581922465620897,0.458289110592231,0.2639007178488868,0.2871602969142998,0.26827553889409556,0.32987077534791254,0.13934863854778445,0.06676495366470081,0.22623925735214126,1
220,0.31563254295044724,0.11667230300980719,0.30467832216156454,0.18059859902356187,0.4130672831244677,0.20774799092080246,0.09109653233364572,0.12738568588469185,0.10304324612920457,0.2839090143218195,0.03441273525038982,2
221,0.311372994462587,0.14169766655393973,0.3095846866146086,0.17737210783273188,0.5181895607738167,0.3061775351205448,0.18416119962511715,0.22122266401590457,0.424452749599573,0.2752737994945238,0.05134713710700947,2
222,0.15140328458516727,0.26445722015556306,0.14739824476539293,0.07200169815325833,0.5303564910573062,0.2013373412674069,0.04142455482661668,0.09517892644135188,0.3966898024559532,0.40269587194608225,0.0476484026543859,2
223,0.4150220076671873,0.3564423402096719,0.4063990049063645,0.2622797707493101,0.486555542036744,0.30985829090239864,0.2687441424554826,0.3211729622266402,0.4100373731980781,0.2752737994945238,0.08412807774594772,1
224,0.2976477826683705,0.24721001014541755,0.2816667818395412,0.17104648694544683,0.26694245041975906,0.09373658057787865,0.08327085285848171,0.1220675944333996,0.17565403096636423,0.14279696714406054,0.06432896979366864,2
225,0.3482890813573761,0.12715590125126813,0.3366733466933869,0.21129271916790493,0.44470130186154044,0.17440647813017607,0.13411433926897842,0.22877733598409544,0.4847837693539777,0.09519797809604014,0.1474779707727454,2
226,0.16370864688343034,0.19445383834967866,0.15776380346900704,0.07900658034387603,0.5206229468305148,0.17741242868535675,0.015564667291471414,0.060437375745526836,0.33155365723438335,0.30623420387531586,0.027559197882293218,2
227,0.3795257702683516,0.19614474129184978,0.3708105866906227,0.2296752281893441,0.25793892200997703,0.2767314888657138,0.15241330834114336,0.1878727634194831,0.381206620395088,0.19187026116259487,0.04224534938535736,2
228,0.2668843769227128,0.48224551910720315,0.25955358993849764,0.14981957121630227,0.20099768828324605,0.17149254646954173,0.12741330834114337,0.10119284294234591,0.18526428190069422,0.21545914069081706,0.046995684809805274,2
229,0.2768233233943869,0.42678390260399035,0.28657314629258523,0.15270643175546592,0.5632072028227277,0.4923624317526533,0.3971415182755389,0.34100397614314115,0.5104111051788575,0.47556866048862667,0.06918809152554664,1
230,0.4765488191585026,0.31687521136286767,0.48103102757238625,0.31904054340904264,0.627691933325222,0.42273480154591747,0.4475164011246485,0.5417495029821073,0.5146823278163376,0.27990732940185326,0.06548935707292308,1
231,0.20535756543139766,0.5874196821102468,0.1932831179600581,0.10706856293780512,0.07689499939165356,0.057511809091466796,0.03826148078725398,0.015531809145129225,0.37479978643886824,0.13310867733782628,0.00206693984117199,2
232,0.2006247337782195,0.8150152181264796,0.18658005666505434,0.1032901719380174,0.18603236403455403,0.050180970492607814,0.011637769447047797,0.03197813121272366,0.36198611852642826,0.1752316764953663,0.03938064328969794,2
233,0.6403047943584648,0.612106865065945,0.626148849422984,0.4990447887921885,0.35381433264387385,0.26998343659898166,0.3641049671977507,0.41451292246520877,0.15002669514148437,0.12552653748946918,0.14820321282227944,1
234,0.12239102655118556,0.2096719648292188,0.11346831594222934,0.05777966461473149,0.26925416717362216,0.0659162014600331,0.03870665417057169,0.08285288270377732,0.205018686599039,0.2963352990732937,0.036225840374224896,2
235,0.333617303232524,0.3902603990530943,0.3178771335774999,0.1952451708766716,0.3429857646915684,0.15357953499785287,0.03425492033739456,0.09423459244532803,0.18686599038974916,0.17670598146588024,0.0520723791565435,2
236,0.7680912489942735,0.5836996956374703,0.7581369635823372,0.6480577372107833,0.396398588636087,0.4564750628795779,0.45688847235238983,0.6148111332007953,0.39615589962626807,0.27653748946925005,0.341842840047866,1
237,0.6388849448625114,0.397362191410213,0.6130191417317393,0.49352579070261093,0.2559922131646186,0.19661370468069442,0.21185567010309275,0.2993041749502982,0.16017084890549926,0.03812131423757359,0.20745548826920984,1
238,0.3426096833735624,0.6134595874196821,0.33694976159214984,0.20394820632562088,0.23993186519041254,0.2592478989019079,0.25843486410496713,0.2190854870775348,0.09343299519487469,0.23862679022746414,0.07981288755122021,2
239,0.49595342893653277,1.0,0.48103102757238625,0.32990872426236467,0.43326438739506035,0.338690877860254,0.3320056232427366,0.43792246520874756,0.3427656166577684,0.2042965459140691,0.1527722377343438,1
240,0.31515925978512943,0.19918836658775774,0.30122313592702643,0.18331564423689237,0.38593502859228623,0.14391755107048645,0.1102389878163074,0.18543737574552685,0.2936465563267485,0.13984835720303268,0.07575153207382963,2
241,0.25741871361635665,0.18025025363544123,0.24061916937322925,0.14137125875610274,0.2037960822484487,0.044629163854978234,0.02467197750702905,0.055069582504970176,0.202349172450614,0.15964616680707655,0.0,2
242,0.20441099910076205,0.2867771389922218,0.20827862621795323,0.10439397155593291,0.40649714077138355,0.34697257836942524,0.36269915651358947,0.14184890656063617,0.47357180993059267,0.5629738837405223,0.04623418065779454,2
243,0.3203653746036254,0.4754819073385187,0.3092391679911548,0.18955635746126087,0.21803139068013144,0.14934666584872094,0.11005154639175256,0.11650099403578529,0.3235451147891085,0.09119629317607392,0.1158211553105849,2
244,0.5877703630081879,0.4663510314507946,0.5895238753368807,0.4294205052005944,0.4889889280934421,0.4184405864670879,0.4800843486410496,0.4416500994035786,0.43299519487453286,0.21145745577085084,0.14831199912970952,1
245,0.16560177954470162,0.34325329726073717,0.1584548407159146,0.08244534069199744,0.5413067283124469,0.12370406723513894,0.11319119025304593,0.1525844930417495,0.30432461292044855,0.3041280539174389,0.0930485549552163,2
246,0.29433480051114574,0.2610754142712207,0.2787644254025292,0.16900870303544896,0.1172892079328387,0.07932028709895098,0.10159325210871602,0.05492047713717694,0.17084890549919918,0.1345829823083402,0.017297022881386667,2
247,0.27966302238629376,0.14879945891105845,0.28443093082717164,0.15652727658671198,0.3052682808127509,0.3534139009876695,0.32193064667291466,0.1978131212723658,0.2290443139348639,0.29759898904801996,0.031620553359683806,2
248,0.17364759335510432,0.5245180926614811,0.16736922120102282,0.08639354701761834,0.4144056454556517,0.16244402183915096,0.05574039362699156,0.08026838966202784,0.3897490656700481,0.28074978938500417,0.048736265728686945,2
249,0.21482322873775378,0.17653026716266484,0.20786400386980863,0.11156866907238377,0.4719552256965569,0.180050303662352,0.10140581068416119,0.14557654075546717,0.38227442605445805,0.24684077506318447,0.05109330238967255,2
250,0.6606559704671306,0.4683801149814,0.6572455255338263,0.5181490129484186,0.46465506752646313,0.4331636095945034,0.6354264292408621,0.6510934393638171,0.5541911372130274,0.18997472620050537,0.3222613047104471,1
251,0.21387666240711817,0.2955698342915116,0.20378688411305368,0.11203566121842495,0.37644482297116455,0.12431752653211461,0.061808809746954074,0.10283300198807158,0.3561131873998933,0.19755686604886247,0.10059107227037023,2
252,0.6033887074636757,0.3419005749070003,0.6005804712874023,0.45107195924432175,0.5315731840856552,0.5076989141770444,0.5663074039362699,0.4840954274353877,0.3021890016017086,0.3582561078348778,0.235993762918374,1
253,0.4883808982914479,0.24923909367602282,0.4782668785847558,0.3331352154531947,0.46587176055481216,0.2598613581988835,0.2966260543580131,0.4151590457256461,0.34490122797650824,0.12994945240101075,0.0703484788048011,1
254,0.5901367788347769,0.32532972607372324,0.5715569069172829,0.43536404160475484,0.4987224723202337,0.3049506165265935,0.32310215557638233,0.42698807157057656,0.32514682327816347,0.13711036225779272,0.17427566450302787,1
255,0.33030432107529945,0.24822455191072024,0.32921014442678465,0.1948206325620887,0.5729407470495196,0.3328630145389854,0.22935801312089968,0.26073558648111334,0.39562199679658316,0.2388374052232518,0.11230373137034486,1
256,0.594869610487955,0.6445722015556306,0.620620551447723,0.45149649755890475,0.3661029322301983,0.5733390589534385,0.4179943767572633,0.5685884691848907,0.387613454351308,0.2603201347935973,0.2637342713130507,1
257,0.3946708315585215,0.2556645248562731,0.41054522838781016,0.24190193164933133,0.8637303808249179,0.6411263112692472,0.5735707591377693,0.617296222664016,0.6572343833422319,0.5475989890480202,0.19722957537077998,1
258,0.410762459179327,0.4562056137977679,0.4589178356713427,0.2674591381872214,0.5887577564180557,0.8957119195141403,0.7441424554826616,0.6843936381709741,0.7090229578216766,0.6545914069081717,0.42669615984334763,1
259,0.40460977803019543,0.8065607034156239,0.41400041462234816,0.2553173423901507,0.5327898771140043,0.4432856879946016,0.41026241799437674,0.4174453280318091,0.49332621462893755,0.3483572030328559,0.04590782173550423,1
260,0.6308391310521084,0.5867433209333783,0.6157832907193699,0.4858841010401189,0.45613821632802054,0.2742776516778112,0.355904404873477,0.46386679920477136,0.34543513080619337,0.12131423757371529,0.10240417739420532,1
261,0.4907473141180369,0.45147108555968873,0.4644461336466036,0.33521545319465085,0.2933446891349314,0.13348874302190047,0.06773664479850046,0.14100397614314114,0.2119594233849441,0.06550126368997478,0.10349204046850635,1
262,0.48790761512612996,0.4200202908353059,0.48794140004146236,0.3414561664190193,0.3343472441902908,0.3310226366480584,0.2272024367385192,0.37311133200795227,0.5024025627335825,0.09856781802864356,0.260905827319868,1
263,0.4083960433527379,0.32702062901589435,0.3884320364867667,0.26113351729993634,0.1933325222046478,0.11281516471382125,0.09861761949390813,0.14150099403578528,0.20288307528029903,0.09414490311710177,0.04152010733582333,1
264,0.4831747834729519,0.41799120730470063,0.46859235712804914,0.3331776692846529,0.42280082735125935,0.2164591129378566,0.21230084348641046,0.32440357852882706,0.3737319807794982,0.12299915754001689,0.11059941255393987,1
265,0.6507170239954565,0.7240446398376732,0.6351323336327828,0.5414986202504776,0.3915318165226913,0.29114778234464145,0.3202905342080599,0.42972166998011935,0.32140950347036845,0.14279696714406054,0.3831816368713058,1
266,0.1712811775285153,0.31247886371322275,0.1761453942367494,0.0861388240288686,0.41817739384353336,0.29237470093859275,0.1496485473289597,0.1313121272365805,0.4030966364121732,0.31486941870261154,0.12155056750190377,2
267,0.3127928439585404,0.4102130537707135,0.2997028539838298,0.17724474633835705,0.2074461613334957,0.19388381080915282,0.09540768509840673,0.10646123260437375,0.24986652429257883,0.18176074136478504,0.08075570221561444,2
268,0.27871645605565804,0.21981738248224547,0.2666712735816461,0.15652727658671198,0.38617836719795595,0.13131096251763694,0.09137769447047797,0.08026838966202784,0.450080085424453,0.16280539174389208,0.043224426152228296,2
269,0.17648729234701127,0.3611768684477511,0.1776656761799461,0.08550201655699427,0.5559070446526342,0.33593031102386356,0.1979381443298969,0.14249502982107354,0.26748531767218375,0.3930075821398482,0.07415599956485476,2
270,0.34592266553078704,0.2404463983767331,0.3214014235367286,0.20764168966249202,0.02165713590461127,0.022605975093552534,0.01698687910028116,0.03106361829025845,0.1820608649225841,0.08003369839932595,0.005403053269028547,2
271,0.20393771593544413,0.11261413594859648,0.19653099302052385,0.10379961791551687,0.4359411120574279,0.17391571069259554,0.0764995313964386,0.13692842942345926,0.32140950347036845,0.26832350463352994,0.027232838960002906,2
272,0.6989919068578732,0.38146770375380445,0.7152926542740654,0.5720653789004457,0.38325830392991844,0.5420526348076805,0.5142924086223055,0.540755467196819,0.2957821676454886,0.2523167649536646,0.38136853174747065,1
273,0.13067348194424727,0.20155563070679738,0.12238269642733746,0.06215240925493525,0.3389706776980168,0.08438132629900005,0.025843486410496715,0.06993041749502982,0.4879871863320876,0.2771693344566135,0.055517278891830155,2
274,0.5181977377064697,0.49949272911734854,0.49346969801672314,0.36315007429420504,0.316826864582066,0.15609471811545303,0.13352858481724458,0.2357852882703777,0.19807794981313398,0.10825610783487782,0.1109257714762302,1
275,0.23233470585451282,0.2587081501521812,0.22396517172275587,0.1240076416896625,0.7298941477065337,0.1617078706827802,0.13891752577319585,0.3679920477137177,0.45274959957287797,0.18513058129738824,0.1907023969249737,2
276,0.20583084859671547,0.15049036185322956,0.1934904291341304,0.10745064742092975,0.3805815792675509,0.059321514017544937,0.003484067478912839,0.016565606361829025,0.4201815269620929,0.1737573715248526,0.044312289226529356,2
277,0.5598466562544371,0.3473114643219478,0.5328588210904569,0.4069199745277011,0.32510037717483864,0.12103551929329487,0.18791002811621366,0.29040755467196816,0.20448478376935408,0.0,0.0772382782753744,1
278,0.3127928439585404,0.2749408183970239,0.2933453113122797,0.1820420292931437,0.20647280691081638,0.06484264769032574,0.04679006560449858,0.06153081510934394,0.21676454885210894,0.11036225779275477,0.05174602023425319,2
279,0.32509820625680347,0.1849847818735204,0.3123488356022389,0.18845255784334536,0.3972502737559316,0.1763695478804981,0.10494376757263353,0.1844433399602386,0.5034703683929528,0.18049705139005878,0.04808354788410632,2
280,0.5764115670405605,0.571187013865404,0.5694837951765601,0.4222033538526852,0.48047207689499927,0.38623397337586657,0.4500937207122773,0.4803180914512923,0.39241857981847306,0.25779275484414477,0.1888530296986619,1
281,0.22523545837474562,0.14575583361515043,0.21042084168336672,0.12048397367862451,0.1900474510281055,0.07367646156677504,0.052600749765698215,0.13732604373757457,0.49866524292578773,0.23525695029486093,0.16194654966094932,2
282,0.5877703630081879,0.2864389584037875,0.5763941676456361,0.42517512205476543,0.5011558583769316,0.3828599472425005,0.380974695407685,0.47037773359840956,0.387613454351308,0.18871103622577934,0.12894803640715088,1
283,0.4382128827677599,0.3063916131214067,0.44924331421463615,0.28087454892804076,0.5364399561990509,0.49328262069811674,0.45641986879100277,0.4499005964214712,0.37853710624666304,0.35551811288963764,0.06237081625992674,1
284,0.27966302238629376,0.20257017247209996,0.27841890677907544,0.1583952451708767,0.19065579754228013,0.2344027973743942,0.26124648547328955,0.16848906560636182,0.1414842498665243,0.19776748104465036,0.06382130035899482,2
285,0.26499124426144166,0.2938789313493404,0.2490498237855021,0.14667798768838888,0.2606156466723446,0.06987301392552606,0.004358013120899719,0.014532803180914513,0.2829684997330486,0.18091828138163435,0.05678645247851469,2
286,0.23470112168110174,0.3736895502198173,0.23550549374611296,0.1263001485884101,0.2864095388733423,0.2506594687442488,0.15402999062792874,0.18841948310139164,0.22477309129738388,0.372788542544229,0.05762048083547884,2
287,0.27966302238629376,0.11531958065607023,0.2632851910717988,0.15809806835066864,0.08565518919576598,0.05493528004416907,0.05295220243673851,0.05820079522862823,0.09076348104644971,0.12320977253580456,0.013743336838669906,2
288,0.2025178664394907,0.3466351031450794,0.2068274479994472,0.10638930163447252,0.2152329967149288,0.3028035089871787,0.21729147141518274,0.2777335984095427,0.7624132407901764,0.26053074978938495,0.13464118649599302,2
289,0.20772398125798658,0.3104497801826175,0.1961163706723793,0.10719592443218001,0.2995498235795109,0.09416600208576159,0.05620899718837863,0.10800198807157059,0.45168179391350793,0.20197978096040425,0.0545019400224825,2
290,0.3516020635146008,0.33885694961109225,0.36099785778453464,0.21545319465081725,0.30490327290424646,0.45463468498865106,0.31911902530459224,0.3281312127236581,0.2920448478376936,0.4625105307497892,0.27769518076658084,2
291,0.3776326376070804,0.3175515725397362,0.36790823025361075,0.23086393547017614,0.3334955590704465,0.2418563278326483,0.13917525773195874,0.23951292246520872,0.3801388147357182,0.18028643639427133,0.06251586466983355,2
292,0.2825027213782006,0.21339195130199518,0.2719231566581439,0.1571640840585863,0.4622216814697653,0.1841911539169376,0.1442127460168697,0.16749502982107356,0.30058729311265364,0.31044650379106975,0.03412263843057621,2
293,0.2304415731932415,0.2620899560365235,0.21940432589316572,0.12277648057737209,0.2580605913128118,0.1136126617998896,0.06298031865042174,0.11332007952286283,0.37800320341697813,0.15143218197135622,0.03325234797113537,2
294,0.27161720857589094,0.13763949949272902,0.26252505010020044,0.14799405646359584,0.41562233848400054,0.1979939880988896,0.030178069353327085,0.09562624254473161,0.25146823278163377,0.23251895534962075,0.023715415019762848,2
295,0.3213119409342609,0.12039228948258363,0.30592218920599823,0.1864572277648058,0.3585594354544348,0.13137230844733452,0.024906279287722585,0.09527833001988072,0.22690870261612395,0.19292333614153323,0.037640062370816255,2
296,0.1859529556533674,0.08927967534663506,0.17517794209107873,0.09348333687115262,0.27582430952670633,0.08536286117416109,0.028959700093720706,0.06804174950298211,0.15056059797116927,0.21798652064026958,0.02175726148602096,2
297,0.22618202470538123,0.2850862360500507,0.21567272475986454,0.12209721927403949,0.4522447986373037,0.12195570823875834,0.06291002811621367,0.17470178926441352,0.24132407901761876,0.2719039595619208,0.19208035681908836,1
298,0.3445028160348336,0.28610077781535337,0.3277589662082786,0.20785395881978347,0.03954252342134079,0.10066867063370347,0.05798969072164948,0.06829025844930417,0.24986652429257883,0.12426284751474292,0.041592631540776734,2
299,0.16702162904065498,0.4524856273249914,0.15935318913689445,0.08095945659095732,0.47438861175325475,0.14903993620023312,0.058458294283036547,0.09319085487077534,0.2819006940736787,0.32855939342881224,0.06218950574754324,2
300,0.5939230441573193,0.31078796077105164,0.5922880243245111,0.45574188070473365,0.6386421705803627,0.44420587694006514,0.5147610121836925,0.5278330019880716,0.3336892685531234,0.32771693344566155,0.3610617543605178,1
301,0.259311846277628,0.34426783902603986,0.2531960472669478,0.1391636595202717,0.26767246623676844,0.25157965768971235,0.1600281162136832,0.1540258449304175,0.32781633742658844,0.26390058972198815,0.09025637306451029,2
302,0.6204269014151167,0.47852553263442665,0.6282219611637067,0.46847803014222034,0.5534736585959366,0.5043248880436783,0.5349109653233364,0.6361829025844931,0.577682861719167,0.520850884582982,0.3469195343946042,1
303,0.16607506271001943,0.3009807237064591,0.15942229286158527,0.08100191042241561,0.538873342255749,0.145389853383228,0.05381911902530458,0.08846918489065606,0.1681793913507742,0.33782645324347094,0.012039018022264932,2
304,0.21198352974584694,0.2857625972269191,0.2059290995784674,0.11021014646571853,0.3165835259763963,0.1765535856695908,0.07835051546391751,0.07465208747514909,0.13027229044313937,0.2626368997472617,0.07705696776299088,2
305,0.21860949406029623,0.4998309097057827,0.210351737958676,0.1161961367013373,0.14880155736707634,0.11502361818293355,0.04625117150890346,0.06525844930417496,0.4100373731980781,0.18576242628475126,0.04928019726583746,2
306,0.29433480051114574,0.20662833953331072,0.2783498030543846,0.1671831882827425,0.2749726244068622,0.1016195325440157,0.0034231490159325204,0.016207753479125248,0.24826481580352389,0.18913226621735468,0.027196576857526203,2
307,0.09555587107766578,0.15860669597565097,0.0868633819362864,0.04364253873912121,0.09173865433751072,0.03613275259186554,0.008624648547328959,0.017256461232604374,0.33155365723438335,0.38689974726200504,0.021503426768684053,2
308,0.30853329547068015,0.10145417653026712,0.2895446064542879,0.1794523455741881,0.1368779656892567,0.0514078890865591,0.006462043111527647,0.021963220675944334,0.10571276027762955,0.07139848357203027,0.03956195380208144,2
309,0.28723555303137877,0.1396685830233344,0.26895169649644113,0.16433878157503715,0.25562720525611415,0.05511931783326177,0.010681818181818181,0.043881709741550694,0.15269620928990935,0.1099410278011792,0.10233165318925191,2
310,0.2233423257134743,0.31788975312817036,0.21104277520558357,0.11683294417321163,0.3118384231658353,0.10168087847371324,0.037089971883786314,0.057057654075546714,0.410571276027763,0.23841617523167624,0.016245421909562317,2
311,0.36106772682095695,0.2022319918836658,0.33784811001312975,0.2213542772235194,0.16632193697530118,0.04837126556652966,0.033903467666354256,0.09329025844930416,0.24826481580352389,0.05454928390901426,0.0727780396707401,2
312,0.27351034123716217,0.12377409536692585,0.26604934005942926,0.15308851623859054,0.30940503710913747,0.18434451874118152,0.09493908153701967,0.12664015904572565,0.2317138280832889,0.24094355518112898,0.07658556043079377,2
313,0.2157697950683894,0.03415623943185658,0.206896551724138,0.1127573763532159,0.2854361844506632,0.12364272130544138,0.03202905342080599,0.04426938369781312,0.35557928457020826,0.23251895534962075,0.005765674293795563,2
314,0.0764825595153581,0.30064254311802496,0.0711768364314837,0.03298662704309064,0.5461735004258426,0.11990061959388995,0.0,0.0,0.5317672183662573,0.4976832350463354,0.08032055698589403,2
315,0.2607316957735813,0.24146094014203578,0.24462718540529338,0.1435364041604755,0.2749726244068622,0.05815594135329121,0.010480318650421741,0.031923459244532805,0.02562733582487986,0.14258635214827287,0.020415563694383,2
316,0.2460599176487292,0.14778491714575576,0.23122106281528576,0.13496073020590107,0.18043557610414884,0.03907735721734861,0.026312089971883786,0.025104373757455268,0.27015483182060873,0.13753159224936806,0.03481161837763354,2
317,0.5319229495006863,0.30977341900574906,0.5176560016584895,0.3750796009339843,0.4252342134079572,0.28317281148395806,0.2647610121836926,0.3951292246520875,0.34169781099839835,0.14069081718618337,0.10472495195271422,1
318,0.09754366037200057,0.31078796077105164,0.11250086379655866,0.04287836977287201,0.4522447986373037,0.5454266609410465,0.46274601686972816,0.24393638170974155,0.6209289909236521,0.7891743892165122,0.12691735866845558,2
319,0.25789199678167446,0.24653364896854912,0.24055006564853842,0.14171088940776905,0.15890010950237254,0.04650021471075392,0.03144329896907216,0.08444333996023858,0.16284036305392424,0.11899747262005045,0.09518801900134169,2
320,0.15471626674239197,0.21880284071694278,0.15707276622209937,0.07671407344512843,0.5303564910573062,0.2813324335930312,0.15759137769447046,0.19706759443339958,0.30752802989855854,0.48083403538331915,0.09152554665119483,2
321,0.6237398835723413,0.3364896854920527,0.6033446202750328,0.47994056463595836,0.2152329967149288,0.20323906508803138,0.2706185567010309,0.3839960238568588,0.4063000533902831,0.021061499578769904,0.17304275301882002,1
322,0.27824317289034023,0.1220831924247548,0.2697118374680395,0.15338569305879857,0.6191750821267794,0.21152076559720265,0.08903467666354263,0.16898608349900598,0.20074746396155907,0.311710193765796,0.038401566522827,2
323,0.6322589805480618,0.3990530943523841,0.6365144081265981,0.47569518149012946,0.6629760311473416,0.5156738850377277,0.6009840674789128,0.7475149105367793,0.7485317672183666,0.3525695029486098,0.16495630416651558,1
324,0.2470064839793648,0.1859993236388231,0.23647294589178358,0.13347484610486096,0.2946830514661152,0.14131034905833997,0.04671977507029053,0.08409542743538766,0.25146823278163377,0.23862679022746414,0.051564709721869675,2
325,0.2692507927493019,0.2566790666215759,0.2588625526915901,0.14706007217151346,0.4902056211217911,0.17563339672412737,0.07481255857544516,0.10472166998011928,0.28830752802989856,0.20808761583824764,0.034340211045436414,2
326,0.3374035685550664,0.10720324653364893,0.3195356229700781,0.2008066227977075,0.37206472806910806,0.10330654561069874,0.04135426429240861,0.13583499005964214,0.10998398291510958,0.1482729570345409,0.051419661311962864,2
327,0.2389606701689621,0.27798444369293196,0.2232050307511575,0.12842284016132455,0.17423044165956925,0.05993497331452057,0.003622305529522024,0.027793240556660038,0.11478910838227441,0.2262005054759897,0.042861805127461294,2
328,0.4396327322637134,0.3719986472776462,0.4361136065233917,0.28452557843345366,0.6617593381189928,0.34513220047849824,0.3462980318650421,0.4218687872763419,0.416978109983983,0.26979780960404387,0.11683649417993255,1
329,0.4391594490983957,0.41156577612445033,0.44025983000483726,0.29008703035448946,0.6568925660055969,0.33408993313293667,0.42150890346766634,0.39666998011928434,0.37479978643886824,0.3235046335299072,0.16510135257642236,1
330,0.42827393629608607,0.19614474129184978,0.42851219680740793,0.27582254298450437,0.3942085411850591,0.36108214219986506,0.282099343955014,0.3499502982107356,0.32835024025627346,0.20640269587194604,0.08042934329332414,1
331,0.283922570874154,0.32600608725059177,0.28145947066546884,0.15729144555296115,0.4049154398345298,0.28562664867186066,0.1665182755388941,0.14662027833001987,0.31713828083288853,0.3251895534962088,0.055517278891830155,2
332,0.2006247337782195,0.34325329726073717,0.19452698500449178,0.10350244109530884,0.5218396398588636,0.14848782283295503,0.011729147141518275,0.037688866799204766,0.41270688734650285,0.21735467565290634,0.066105812815027,2
333,0.2020445832741729,0.1714575583361514,0.19065717642180913,0.10464869454468265,0.25003041732570885,0.07729587141893135,0.002281396438612933,0.014617296222664016,0.3235451147891085,0.22851727042965453,0.03593574355441129,2
334,0.251739315632543,0.3148461278322623,0.23557459747080367,0.13623434514964974,0.250882102445553,0.06944359241764309,0.018172446110590438,0.042420477137176935,0.1986118526428191,0.1998736310025273,0.024912064401494002,2
335,0.4770221023238203,0.3818058843422387,0.4699744316218645,0.3290596476331989,0.6009246867015452,0.2644623029262009,0.3533270852858481,0.49373757455268386,0.2989855846235985,0.22641112047177758,0.25412481415672483,1
336,0.2843958540394718,0.15285762597226915,0.27841890677907544,0.157418807047336,0.3906801314028472,0.24621188884117542,0.08758200562324274,0.10427435387673957,0.2589428723972238,0.47219882055602347,0.023969249737099754,2
337,0.5579535235931659,0.3963476496449103,0.546679566028609,0.4026745913818722,0.3485825526219737,0.37059076130298757,0.24835988753514524,0.30268389662027834,0.41964762413240797,0.22893850042122987,0.1910650179497407,1
